111111111111110000000000001011000000000000000000000000000000011000000000000000000000011111111111000000000000010000000001111100000000000000000100000000000000011110100000010000000010000100000000101111
111111111111111100000000001100000000000000000000000000000000000000000000000000000000001111111111110000000101000001000001111100001000000100000100000000000000011110100000010000000010000100000000101111
111101111111111111000000110000000000000000000000000000000000000000000000000000000000000011111111111100000000000000000001111100001000000000000100000000000000011110100000010000000010000000000000101111
111000111111111111100110000000000000000000000000000000000000000000000000000000000000000001111111111110000000100000000001111100000000000000000100000000000000011110100000010000000010000000000000101111
111000001111111111111000000000000000000000000000000000000000000000000000000000000000000000111111111111000000000001010010111100000000000000000000000000000000011110100000000000000010000000000000101111
111100000111111111111100000000000000000000000000000000000000000000000000000000000000000000001111111111110000000000000000111111000000000000000000000000000000011110100000000000000010000000000000101111
111000000001111111111110000000000000001111111111100000000000000000000000000000000000000000010111111111111000000001000000100111100000000000000000000000000000011110100000000000000010000000000000101111
111000000000111111111111100000000000000000000000000000000000000000000000000000001000001100110001111111111110000100000000000011110000000000000000000000000000011110100000000000000010000000000000101111
111100000000001111111111111000000000000010000000011111111000000000000000000000100000000010100000111111111111110000000000000000111100000000000000000000000000011110100000000000000010000000000000101111
111000000000000111111111111100100000001000000011000000000011000000000000000000001111101111000111001111111111111000000000000000011110000000000000000000000000011110100000000010000010000000000000101111
111000000000001001111111111110001000100000011001000000000010110000000000010111000000000000011000000011111111111000000000000000000111100000010000000000000000011110101111100000000010000000000000101111
111100000000100000111111111111100000000001100100000000000000000110100000011000000000000001100000000000111111111110000000000000000011110001000000000000000000011110101000000000000010000000000000101111
111000000000000001001111111111110000001100000000000000000000000000001111100000000000001100000000000000011111111111000000000000000000110100000000000000000000001110100000000000000011111111100000101111
111000111110000000000111111111111100110000000000000000000000000000000011000000000000110000000000000000000111111111110000000000000000000000000000000000000000011110100000010000011010000000000000101111
111111111111000000000001111111111111000000000000010000000000110000000000110000000111000000000000000000000001111111111000000000000000000000000000000000000000011110100000000000000010000000000000101111
111111111111110000000000111111111111100000000000000000000000000000000000001100011000000100000000000000000000111111111110000000000000000000000000000000000000001110000000000000000010011000000000101111
111111111111111100000001001111111111110000000000000100001000000000010000000011100000000000000000000000000000011111111111000000000000000000000000000000000000011110000000000000000010000000000000101111
111111111111111111000000000111111111111100000000010000000000000000000000000001000000000000000100000000010000000111111111110000000000000000000000000000000000011110000000001000000010000000000000101111
111111111111111111100000001001111111111110000000000000001000010000000000000010000000000000000000000000000100000011111111111000100000000000001000000000000000011111000111111000000010000000000000101111
111111111111111111110000000000111111111111100000000000000001000000110000000011000000000000000000000000000000000000111111111110000000000000000000000000000000011110011111111111111000000000000000101111
111111111111111111111110000001001111111111111000000000000000000000000010000001100000000000000000000100000000000000011111111111000000000000000000000000000000011110000000000000000010000000000000101111
111001111111111111110000000100100111111111111100000000000000000000001000000000110000001000000000000000000000000000000111111111110000000000000000000000000000011110000000000000000010000000000000101111
111000111111111111110000000010000001111111111110000000000000000000100000010000001100000000000000000000000000000000000011111111111000100000000000000000000000011110000000000000000100000000000000101111
111000011111111111111000001000000000111111111111100000000000000000000001000000000010000000010000000000110000000000010000111111111110000000000000000000001000011111000000000000000000000000000000001111
111000000111111111110000000000000000001111111111110000000000000000000000000000000001000000000000000010000010000000000000011111111111000100001000000000000000001111111111111111111111111111111111111111
111000000000011111110000000100000000000111111111111100000000000000000000000000100000110000010010000000000000000000000000001111111111110000000000000000000001000010111111111111111111111111111111111111
111100000000011111110000000000000100000001111111111111000000000000000000000010000000111100000000101000000000000000000000000011111111111000000000000000000000000000000000000000000000000000000000000111
111000000000011111110000000000010000000000111111111111100100000000000000000000000111000110000000000000000000000000000000000001111111111110000010000000100000000000000000000000000000000000000000000111
111000000000000000000000000000000000000000001111111111110000000000000001000000011000000001100000000000000000000000000000000001111111111111011110000000000000000000000000000000000000000000000000000111
111100000000000000000000000000000000000000110111111111111100000000000100000001100001000000010000000000000000000000000000001110001111111111111110000000000000000000000000000000000000000000000000000111
111000000000000000000000000000000001000011000001111111111110001000010000000110000000000000001100000000000000000000000000011000000111111111111000010000000000000000000000000000000000000000000000000111
111000000000000000000000000000000100011000000000111111111111100001000000011000000000000000000010000100000000000000000101100000000011111111111110000000000000000000000000000000000000000000000000000111
111100000000000000000000000000010001100000000000001111111111110000000001110000000000000000000001100000000000000000010000000000000000111111111111000010000000000000000000000000000000000000000000000111
111000000000000000000000000010000110000000000000000111111111111100001100000000000000000000000000010000100000000001110000100000000000011111111111110000000000000000000000000000000000000000000000000111
111000000000000000000000001000011000000000000000000001111111111110110000000000100000000000000001001100000000000011000000000000000000000111111111111000001111110000000000000000000000000000000000100111
111100000000000000000010100001100000000000000000000000011111111111100000000000000000000000000000001011000000001100000000001000000000000011111111111110000000001000000000000000000000000000000000000111
111000000000000000000000101100001000000000000000000000001111111111110000000000000000000000000000000001100010110000010000000000000000000000111111111111000000000000000000000000000000000000000000000111
111000000000000000000000110000000000000000000000000000000111111111111100000000000000000000000000000001011011000000000000000000000000000000011111111111110000000000000000000000000000000000000000000111
111100000000000000000011000001000000000000000000000000000001111111111110001000000000000100000000000000001100000000000000000000000000000000000111111111110000000000000000000000000000000000000000000111
111100000000000000001100000000000000000000000000000000000000111111111111100000000000000000000000000001100011000000000000010000000001001000000011111111111110000000000000000000000000000000000000000111
111100000000000001100000000000000000000000000000000000000011001111111111110001000001000000000001000110000000100000000000000000000000000000000000111111111111000000000000000000000000000000000000000111
111100000000000001000000000000000000000000010000000000001100010111111111111100000000000000000100011000000000011000000000000000000000001001000000011111111111110100000000000000000000000000000000000111
111111111111111111111111111000000000000000000000000001100010000001111111111110000000000000010001100000000000001100000000000000000000000000000000000111111111111000000000000000000000000000000000100111
111111111111111111111111111111000000000000000000000110000000000010111111111111100000000000001100000000000000000010000000000100010000000000001000011011111111111110000000000000000000111111111111100111
111111111111111111111111111111110000000000000000011000001000010000001111111111111000000000110000000000000000000001100000000000000000000000000101100000111111111111000000000000000000000000000001000111
111111111111111111111111111111111110000000000011000000000000000000010111111111111100000011110000000000000000000000110000000000001010000100000110000110011111111111110000000000000000000000000001000111
111111111111111111111111111111111111100000001100000000000000000000000001111111111110001100110000000000000000000011001100000000000000010001110000000000000111111111111000000000000000010100000001000111
111111111111111111111111111111111111111100110000000000000000000000000000111111111111110000010000000000000000011100000011000000000000001011000000000000000011111111111110000001000001000000000000000111
111111111111111111111111111111111111111110000000001000000000000000000001011111111110000000110000000000000001100000000001100000000000101100000000000000000000111111111111000100000000000000100001000111
111111111111111111111111111111111111111111000000000000000000000000000000000111111100000000010000000000000110000000000000011000000000110000000000000000000000001111111111110010000000000000100001000111
111111111111111111111111111111111111111111000000000000000000000000100000000011100011000000010000000000011000000000000000001100000110000000000000000000000000000111111111111000000000010000000001000111
111111111111111111111111111111111111111011100000100000000000000000000000000111000001100000010000000001100000000000000000000011011000000000000000100000000000000001111111111110000000010100000001000111
111111111111111111111111111111111111111110011000000000000000000000000000011110000000010000010000001100000000000000000000000001100000000000000010000000000000000000011111111111001001000000000000000111
111111111111111111111111111111111111111110000110000000000000000010000001100100000000001101111100110000000000000000000000000110011000000000001000000000000000000000000111111111110010000000000001000111
111111111111111111111111111111111111111110000011000000000000001000001100111111110000000110000011000000000000000000000100110000000100000000000000000000000100000000000111111111111000000010000000000111
111111111111111111111111111111111111111100000000100000000100000000110000001000000011111000000001100000000000000000000011000000000011000000000000000000010000000000000001111111111110100000111111100111
111111111111111111111111111111111111111100000000011000000000000011100000001100000000001000000000100000000000000000001100001000001000100001000000001000000000000001000000011111111111000000010000000111
111111111111111111111111111111111111111100000000000100000000011000001111001100000000001100000001001111110000000001110000100000000000011010000000000000000000000100000000001111111111110000000000000111
111111111111111111111111111111111111111111000000000011000001100000000000111100000000011011111111000000000001111110000000000000000010000100000000000000000000010000000000000011111111111000000010000111
111111111111111111111111111111111111111111111111111110111100000000000000000110000001100000010000100000000000011000000000000000000000000011000000000000000001000000000000000001111111111110000000000111
111100000000000000000000000000000000000111111111011111111000000000000000000011000110000000010000011000000001100000000000000000000000010000100000000000001000000000000000000000001111111111010000000111
111100000000000000000000000000000000011111111111111111100100100010000000000001110000000000010000000100000110000100000000000000000000000000011000000000100000000000000000000000000111111111110000000111
111100000000000000000000000000000001111111111111111111110100001000000000000000011000000000010000000011111000000000000000000000000000000010000100100010000000000000000000000000000011111111111000000111
111100000000000000000000000000000111111111111111011111110010000000000000100000000110000000010000000011000010000000000000000000000000000000000011000000000000000000000000000000000000111111111110000111
111100000000000000000000000000001111111111111111111111110001100000000000000000000011110000010000011100000000000000000000000000000000000000000000100000000000000000000000000000000000011111111111100111
111100000000000000000000000000011111111111111111111111000010011000000000000000000001000011111000110000000000000000000000000000000000000000001000010000000000000000000000000000000000000111111111110111
111100000000000000000000000011111111111111111111111100000000001101000000000000000000100000010011000001000000000000000000000000000000000000100000001000000000000000000000000000000000000011111111111111
111100000000000000000000000011111111111111111111110000000000000100000000100000000000110000011100000100000000000000000000000000000000000010000000010100000000000000000000000000000000000000111111111111
111100000000000000000000000000111111111111111111000000000000000001100001000000000000010001111100000000000000000000000000000000000000000000000001111110000000000000000000000000000000000000001111110111
111100000000000000000000000000011111111111111000000000000000000000010000000100000010010110000011001000000000000000000000000000010000000000001111111110000000000000000000000000000000000000000111111111
111100000000000000000000000000001111111111100000000000000100010010111101000000001001011100000001000000000000000000000000000100000011000101111111111110100000000000000000000000000000000000000001111111
111100000000000000000000000000000111111110000000000000000100101010111011001100001001101110000001000100000000000000000000000100000000011111111100011110000000000000000000000000000000000000000000111111
111000000000000000000000000000011001110000000000000000000000000000000001100000000110001111111111111111110000110000000000010000000011111111100000011110000000000000000000000000000000000000000001101111
111100000000000000000000000000010000000000000000000000000000000000000000011000111000000111111111111111111111111111111110000000111111110000000000011110100000000000000000000000000000000000000001000111
111100000000000000000000000000100000000000000000000000000000000000000000000111000000000011111111111111111111111111111111111111111111000000000000011110000000000000000000000000000000000000000010000111
111100000000000000000000000000100000000000000000000000000000000001000000001100000000000111111111111111110000000000000011111111100010000000000000011111000000000000000000000000000000000000000100000111
111100000000000000000000000001000000000000000000000000000000000100000111000011000000000110111111111110000000000000000000111101010010000000000000011111100000000000000000000000000000000000001100000111
111100000000000000000000000001000000000000000000000000000000000000111001100000100000000111111111111100000000000000000000011001000010000000000000011110000000000000000000000000000000000000011000000111
111100000000000000000000000001000000000100000000000000000000000011000000010000011000011110111100000000000000000000000000111100000000000000000000011100000000000000000000000000000000000000110000000111
111100000000000000000000000001100000000000000000000000001000011100000000011000000001111110111110000000000000000000000000111100000000000000000000011100100000000000000000000000000000010000100000000111
111100000000000000000000000000100000000000000000001000100000110000000000001000000000001100011110000000000011111111111111111100000000000000000000011110000000000000000000000000000000000011000000000011
111100000000000000000000000000110000000000000000000000000011000000000000111000000000100111011110000000000011111111111111111100000000000000000000011110000000000000000000000000000000000110000000000111
111100000000000000000000000011111100000000000000000000001111000000000011000110000000000010111111000000000000001111111111111100000000000000000000011110100000000000000000000000000000010110000000000111
111100000000000000000000001111111110000000000000000000111001100000001100000001000000000011011111000000000000001111111111111100000000000000000000011110000000000000000000000000000000000100000000000011
111100000000000000000001111111000001111000000000000111000000011001110000000000110000001110011111000000000000001111111111111100000000000000000000011100000000000000000000000000000000001100000000000011
111100000000000000111111111000000000001111111111110000000000000000110000000000001111110010001111000000000000001111111111111100000000000000000000011110000000000000000000000000000001101100000000000111
111111111111111111111111100000000000001000000000000000000000000000001100000000010000011110001111000000000000001111111111111100000000000000000000011110000000000000000000000000000000001000000000000011
111111111111111111111100000000000000001000000000000000000000000000000110000000011010110010001111000000000000001111111111111100000000000000000000011110000000000000000000000000000000001000000000000011
111100000000000000000100000000000000001000000000000000000000000000000001100000100111000010001111000000000000001111111111111100000000000000000000011110000000000000000000000000000000001000000000000111
111100000000000000000100000000000000001000000000000000010000000000100000100011111100000010001111000000000000001111111111011100000000000000000000001110000000000000000000000000000000001000000000000111
111100000000000000000100000000000000001000000000000000000000000000000000111100000000111111011111000000000000001111111111011100000000000000000000011110000000000000000000000000000000001000000000000111
111100000000000000000100000000000000001000000000000000000000000000000000100000000000000010111110000000000000001111111111111100000000000000000000011110000000000000000000000000000000001000000000000111
111100000000000000000100000000000000001000000000000000000000000000000000100000000000000010111110000001111111111111111111111100000000000000000000001110000000000000000000000000000000001000000000000111
111100000000000000000100000000000000001001000000000000000000000000000000100000000000000011111110000111111111111111111111111100000000000000000000001110000000000000000000000111111111101000000000000111
111100000000000000000100000000000000001001100000000000000000000000000000100000000000000011111111000111111111111111111111111110000000000000000000011110000000000000000000000000000000001000000000000111
111100000000000000000100000000000000001000000000000000000000000111111111111111111111111111111111000111111111111111111111111100000000000000000000011110000000000000000000000011111111111111111111111111
111100000000000000000111111111111111111000000000000000000000011000000000000000000000000011111111111111111111111111111111111111111111111111111111111111111111111111111111111111111111111111111111111111
